344,188,-1314,378,229,-1307,396,228,-1307,411,228,-1307,322,231,-1299,309,233,-1299,296,233,-1299,442,222,-1048,287,227,-998,380,148,-1198,318,149,-1185,558,64,-734,205,75,-689,692,-117,-629,56,-116,-534,702,-296,-736,51,-306,-720,724,-357,-769,35,-370,-762,690,-358,-820,65,-369,-817,675,-336,-760,79,-348,-747,475,-316,-49,258,-308,52,470,-657,-36,273,-644,27,451,-948,488,267,-935,407,453,-1000,514,267,-985,432,405,-1058,59,289,-1051,-47,
353,189,-1325,387,229,-1315,403,229,-1314,417,228,-1314,332,231,-1306,318,233,-1306,306,233,-1306,444,222,-1046,292,227,-997,384,148,-1203,325,149,-1190,543,76,-734,211,82,-638,662,-115,-1050,87,-40,-514,541,27,-1493,66,-286,-742,485,57,-1594,46,-352,-787,467,81,-1500,80,-339,-831,471,71,-1469,96,-320,-767,475,-315,-58,255,-308,61,459,-660,-72,264,-645,-40,445,-955,379,265,-942,285,448,-1005,395,265,-993,304,404,-1065,-61,289,-1054,-185,
357,190,-1325,391,229,-1315,407,229,-1314,420,228,-1314,336,231,-1306,322,233,-1305,310,233,-1305,446,222,-1038,294,227,-990,386,148,-1203,329,149,-1190,537,82,-727,215,87,-620,656,-114,-1045,96,-25,-511,528,42,-1482,73,-273,-769,472,72,-1583,52,-339,-816,454,97,-1488,87,-324,-857,458,88,-1458,104,-305,-793,475,-315,-62,253,-307,65,453,-661,-85,259,-645,-37,441,-957,354,263,-944,279,444,-1006,370,263,-995,297,401,-1066,-85,289,-1055,-190,
358,190,-1324,393,230,-1313,409,229,-1313,423,229,-1312,337,231,-1305,322,233,-1305,310,233,-1305,448,222,-1031,294,227,-990,388,147,-1200,330,149,-1189,533,85,-720,216,88,-626,656,-112,-1037,91,-27,-507,528,48,-1459,73,-270,-756,473,81,-1553,53,-335,-797,453,106,-1457,89,-322,-826,456,94,-1434,105,-302,-774,474,-311,-61,250,-306,65,454,-661,-82,259,-645,-59,442,-956,376,265,-944,252,445,-1005,393,266,-996,269,406,-1066,-54,294,-1055,-215,
359,190,-1324,395,230,-1313,412,230,-1312,425,229,-1312,338,231,-1305,323,233,-1305,311,233,-1305,450,222,-1030,294,227,-990,390,146,-1199,331,149,-1188,532,88,-716,216,89,-629,640,-108,-1028,89,-26,-528,519,45,-1461,72,-264,-802,472,78,-1555,52,-328,-851,454,103,-1469,88,-315,-883,458,91,-1439,104,-295,-822,474,-306,-58,248,-301,61,454,-658,-79,260,-641,-87,443,-952,371,268,-943,210,445,-999,387,270,-995,225,409,-1064,-52,299,-1052,-254,
364,191,-1277,400,232,-1264,416,232,-1264,429,231,-1263,342,232,-1255,326,233,-1255,314,234,-1255,452,224,-974,296,228,-930,394,146,-1150,335,149,-1138,530,93,-679,217,90,-563,634,-108,-1012,90,-22,-498,522,41,-1484,68,-260,-801,477,76,-1589,43,-324,-853,455,103,-1501,79,-311,-893,458,92,-1463,98,-292,-827,474,-302,-58,248,-298,61,454,-654,-78,261,-638,-65,445,-949,388,270,-941,258,448,-996,405,271,-993,277,412,-1061,-38,302,-1048,-208,
364,191,-1285,400,232,-1271,416,232,-1271,429,232,-1270,342,232,-1264,326,233,-1263,313,234,-1263,453,224,-973,296,228,-936,395,146,-1159,335,149,-1148,529,91,-665,217,90,-577,640,-110,-1038,89,-70,-502,529,45,-1566,88,-263,-809,482,80,-1679,69,-328,-863,458,105,-1585,104,-316,-901,461,94,-1544,121,-297,-833,473,-304,-57,248,-300,61,454,-657,-78,261,-640,-71,445,-953,365,270,-942,244,448,-1000,380,271,-995,261,413,-1063,-71,302,-1048,-230,
363,193,-1277,399,233,-1255,416,233,-1255,429,232,-1254,341,233,-1249,325,234,-1249,313,234,-1249,453,224,-939,296,228,-909,395,147,-1145,335,150,-1137,526,90,-632,217,90,-535,643,-116,-1009,95,-38,-437,531,50,-1532,91,-261,-756,486,86,-1642,75,-323,-811,461,107,-1549,109,-310,-848,464,95,-1511,123,-292,-780,472,-309,-59,248,-306,63,454,-661,-99,262,-643,-98,445,-960,320,269,-950,205,447,-1009,333,269,-1004,218,412,-1070,-129,299,-1053,-280,
363,194,-1232,399,233,-1211,415,233,-1210,429,233,-1210,341,233,-1204,325,234,-1204,313,235,-1204,452,224,-903,296,228,-869,394,147,-1102,335,150,-1093,526,89,-607,217,90,-501,645,-119,-985,97,-27,-382,533,51,-1496,88,-255,-666,488,86,-1603,71,-317,-713,462,108,-1510,105,-304,-755,464,98,-1474,120,-286,-692,472,-310,-61,248,-306,65,455,-661,-105,262,-644,-93,445,-962,310,268,-951,204,447,-1011,323,269,-1005,218,412,-1072,-136,298,-1054,-280,
363,194,-1347,399,233,-1326,416,233,-1326,430,233,-1325,341,233,-1324,325,234,-1324,313,235,-1324,453,223,-1001,296,228,-990,395,146,-1209,335,150,-1205,526,88,-652,217,89,-597,646,-119,-1046,93,-74,-404,535,49,-1579,88,-257,-690,490,85,-1691,71,-319,-733,464,107,-1598,104,-304,-776,466,94,-1558,119,-287,-714,468,-310,-60,245,-306,63,451,-663,-85,259,-645,-88,440,-962,354,264,-951,235,441,-1011,369,264,-1005,251,409,-1073,-90,295,-1056,-264,
367,193,-1329,402,233,-1311,419,233,-1311,433,232,-1310,343,233,-1309,327,233,-1308,315,234,-1308,456,223,-992,297,227,-976,399,144,-1190,338,148,-1186,526,88,-658,217,89,-576,628,-118,-1008,92,-35,-417,525,43,-1486,84,-250,-653,485,84,-1588,64,-311,-691,463,107,-1509,95,-297,-735,465,92,-1469,111,-279,-678,466,-308,-58,243,-303,61,448,-661,-80,256,-642,-80,438,-960,355,262,-948,226,438,-1008,369,262,-1000,240,406,-1069,-83,292,-1054,-258,
368,193,-1217,403,233,-1204,420,233,-1203,434,232,-1203,344,233,-1199,327,233,-1199,315,233,-1198,457,222,-918,297,227,-892,401,144,-1092,339,147,-1085,526,88,-613,217,89,-531,627,-116,-922,92,-25,-414,526,43,-1365,78,-248,-654,486,82,-1461,56,-310,-694,465,106,-1375,88,-297,-736,466,91,-1345,105,-278,-679,464,-305,-52,241,-299,56,445,-658,-65,254,-640,-77,435,-954,355,259,-943,221,436,-1001,370,258,-993,234,403,-1062,-79,289,-1048,-253,
367,192,-1278,403,233,-1271,420,232,-1270,433,232,-1269,344,232,-1261,327,233,-1261,315,233,-1261,457,221,-1008,297,227,-964,401,143,-1163,339,147,-1151,528,83,-688,217,88,-584,629,-133,-971,91,-28,-392,523,36,-1392,82,-264,-519,487,81,-1482,64,-328,-539,467,103,-1376,97,-315,-583,468,87,-1367,112,-295,-541,462,-306,-52,235,-300,56,444,-660,-67,251,-641,-81,434,-956,356,255,-944,225,434,-1003,370,256,-995,239,401,-1065,-76,280,-1049,-249,
366,191,-1308,401,232,-1303,418,232,-1302,432,231,-1302,343,231,-1293,326,232,-1293,315,232,-1293,457,221,-1035,297,227,-987,400,143,-1190,338,146,-1176,529,82,-714,217,88,-610,633,-131,-1024,91,-86,-368,527,39,-1456,88,-278,-416,492,84,-1541,71,-342,-422,469,108,-1440,101,-331,-464,469,91,-1430,116,-312,-434,461,-307,-56,236,-300,59,443,-664,-68,250,-642,-45,432,-962,372,253,-946,293,432,-1009,391,252,-997,313,398,-1072,-62,278,-1055,-176,
365,190,-1333,399,231,-1325,417,231,-1325,431,231,-1324,342,231,-1317,326,231,-1317,315,232,-1317,456,220,-1049,297,227,-1005,399,142,-1211,338,146,-1199,530,80,-723,217,87,-627,636,-131,-1037,91,-100,-362,529,39,-1482,90,-287,-391,494,86,-1568,73,-351,-397,470,109,-1471,102,-341,-440,470,91,-1456,117,-321,-409,460,-309,-57,235,-300,61,440,-669,-73,247,-645,-46,428,-968,372,248,-951,291,429,-1017,391,247,-1002,310,394,-1079,-62,274,-1062,-180,
363,190,-1329,398,231,-1319,415,231,-1318,430,231,-1318,342,231,-1310,326,231,-1310,315,232,-1310,456,220,-1039,297,227,-995,398,142,-1206,337,146,-1193,530,77,-718,217,87,-625,642,-137,-1035,88,-105,-310,529,38,-1491,89,-292,-340,495,85,-1580,73,-356,-347,471,107,-1483,101,-346,-395,471,90,-1466,116,-327,-361,457,-316,-61,230,-305,65,436,-677,-94,241,-649,-61,423,-978,354,238,-958,284,424,-1029,372,237,-1012,305,388,-1090,-95,265,-1070,-205,
363,188,-1181,397,230,-1172,415,230,-1171,429,230,-1171,342,229,-1165,326,230,-1165,315,230,-1164,455,219,-919,298,226,-881,398,142,-1069,337,145,-1059,530,77,-629,217,86,-539,639,-139,-898,88,-62,-279,529,37,-1292,89,-296,-329,497,89,-1371,73,-362,-333,472,112,-1275,102,-353,-377,471,93,-1267,117,-332,-348,456,-316,-58,230,-304,61,435,-677,-109,241,-648,-76,422,-978,288,240,-958,204,423,-1029,301,239,-1011,216,387,-1087,-139,266,-1066,-265,
362,187,-1200,396,230,-1195,414,230,-1194,428,230,-1193,340,229,-1190,325,230,-1189,314,230,-1189,454,219,-952,298,226,-911,397,142,-1093,336,145,-1083,532,74,-643,215,83,-555,650,-145,-958,80,-104,-267,532,37,-1409,89,-309,-255,500,91,-1487,73,-376,-250,476,113,-1367,102,-367,-296,473,94,-1379,116,-346,-273,456,-324,-59,229,-314,63,435,-687,-105,238,-659,-60,422,-988,304,237,-966,256,423,-1040,318,237,-1022,272,387,-1098,-124,265,-1077,-211,
361,187,-1208,396,230,-1201,413,230,-1200,428,230,-1199,340,229,-1196,324,230,-1194,313,230,-1194,454,219,-978,297,226,-930,396,141,-1102,335,145,-1088,535,73,-667,214,81,-566,656,-148,-982,78,-117,-268,536,36,-1418,90,-314,-253,504,90,-1493,74,-380,-248,477,113,-1380,103,-370,-292,473,94,-1386,118,-350,-271,458,-326,-59,229,-317,63,435,-690,-99,239,-662,-50,423,-990,321,238,-970,276,423,-1043,337,238,-1025,294,387,-1101,-104,266,-1081,-190,
361,187,-1075,395,230,-1066,412,230,-1065,426,230,-1065,339,229,-1054,324,230,-1054,313,230,-1054,452,219,-829,297,226,-765,395,142,-970,335,145,-953,537,68,-579,214,80,-430,662,-154,-941,81,-61,-73,542,37,-1405,78,-311,0,514,93,-1481,61,-376,24,482,117,-1368,86,-368,-24,479,96,-1374,101,-349,-18,458,-336,-66,229,-326,70,435,-698,-131,239,-668,-50,423,-1001,254,237,-980,247,424,-1055,269,236,-1036,262,387,-1109,-176,265,-1088,-216,
359,188,-980,393,230,-980,410,230,-980,425,230,-979,337,229,-971,322,230,-971,311,230,-971,451,219,-787,296,226,-735,394,142,-892,333,146,-878,536,67,-558,213,78,-458,659,-140,-821,72,-96,-179,539,38,-1131,74,-308,-134,517,82,-1185,56,-373,-123,483,114,-1086,84,-365,-156,481,94,-1104,100,-346,-148,458,-334,-65,229,-325,69,435,-696,-68,239,-668,39,428,-1001,287,243,-977,343,429,-1053,303,244,-1034,361,395,-1108,-52,271,-1085,-61,
357,189,-990,391,230,-991,409,230,-991,423,230,-990,335,229,-982,321,230,-981,309,230,-981,450,219,-800,296,226,-747,393,142,-902,332,146,-887,536,66,-567,213,77,-474,653,-132,-815,69,-110,-204,536,40,-1117,74,-307,-152,517,76,-1171,56,-372,-141,483,112,-1076,85,-364,-173,481,93,-1091,100,-344,-165,459,-333,-64,230,-324,68,436,-694,-44,239,-668,65,431,-999,332,245,-976,381,431,-1051,350,248,-1034,400,399,-1108,-13,274,-1084,-21,
356,188,-1092,390,230,-1103,408,230,-1103,422,230,-1102,334,229,-1084,320,230,-1083,308,230,-1083,449,219,-918,295,226,-831,392,142,-1013,331,146,-985,541,67,-664,211,74,-515,665,-149,-963,71,-121,-208,540,37,-1302,88,-316,-149,516,78,-1364,73,-381,-132,484,112,-1216,99,-371,-172,481,92,-1260,114,-351,-165,470,-333,-71,235,-325,75,447,-695,-68,247,-670,46,440,-999,344,252,-979,401,442,-1052,365,254,-1036,425,406,-1108,-30,280,-1088,-38,
356,189,-1382,390,230,-1382,408,230,-1382,422,230,-1382,334,230,-1365,320,230,-1365,308,231,-1365,448,221,-1131,295,226,-1042,392,144,-1269,331,146,-1245,542,74,-818,211,77,-645,662,-148,-1036,76,-57,-335,532,28,-1334,85,-315,-355,496,77,-1396,72,-379,-355,482,108,-1297,97,-370,-399,480,87,-1305,112,-350,-374,476,-322,-78,243,-311,82,454,-688,-121,252,-663,-34,446,-999,361,257,-978,382,450,-1050,382,258,-1033,394,409,-1107,-77,287,-1087,-146,
356,189,-1364,390,230,-1359,408,231,-1359,422,231,-1359,334,230,-1345,320,230,-1345,309,231,-1345,448,223,-1100,295,227,-1025,392,145,-1248,331,146,-1228,542,77,-783,211,78,-637,662,-141,-1015,79,-42,-355,528,24,-1333,85,-314,-396,490,75,-1396,71,-379,-401,481,99,-1299,96,-368,-443,478,84,-1305,111,-348,-414,479,-319,-77,249,-308,81,458,-685,-166,257,-658,-132,449,-997,301,261,-977,208,454,-1048,317,261,-1032,225,410,-1105,-184,291,-1087,-312,
357,190,-1335,390,231,-1293,408,232,-1293,422,232,-1294,336,231,-1285,321,232,-1285,310,232,-1286,448,223,-966,297,228,-907,392,147,-1171,332,148,-1155,542,82,-617,213,82,-603,673,-117,-884,79,-34,-473,521,7,-1322,57,-296,-714,477,52,-1396,37,-360,-773,478,78,-1329,73,-348,-811,478,61,-1305,88,-330,-736,479,-317,-58,253,-306,62,460,-674,-163,264,-652,-142,454,-981,305,268,-967,150,459,-1030,320,266,-1018,164,413,-1088,-165,297,-1077,-352,
357,191,-1299,390,232,-1282,408,232,-1282,422,232,-1282,336,232,-1275,322,233,-1275,312,233,-1275,448,224,-954,299,229,-890,392,149,-1167,332,149,-1154,543,83,-624,214,84,-578,672,-118,-907,79,-26,-437,510,3,-1366,44,-287,-643,465,45,-1457,24,-350,-693,470,73,-1389,60,-337,-732,474,61,-1352,75,-320,-665,478,-316,-57,254,-306,60,460,-672,-143,265,-650,-149,455,-979,304,270,-965,148,460,-1026,318,268,-1015,163,413,-1086,-169,298,-1075,-354,
357,191,-1278,390,232,-1265,407,233,-1265,422,232,-1265,337,232,-1256,323,233,-1256,312,233,-1256,448,224,-967,300,229,-904,392,149,-1155,332,149,-1140,544,83,-635,214,86,-587,683,-108,-897,79,-21,-407,507,5,-1272,48,-272,-535,459,41,-1351,29,-334,-570,460,70,-1276,63,-321,-606,468,60,-1253,79,-303,-553,478,-309,-55,253,-297,59,460,-663,-135,264,-638,-136,454,-965,289,269,-947,148,459,-1012,302,267,-995,162,412,-1072,-176,298,-1060,-346,
357,192,-1233,390,233,-1229,408,233,-1228,422,233,-1228,337,233,-1213,323,234,-1213,313,234,-1213,448,225,-968,301,229,-898,392,149,-1128,332,150,-1106,547,83,-676,215,86,-568,668,-118,-904,79,-22,-329,508,7,-1244,48,-276,-419,451,43,-1310,31,-338,-439,453,72,-1230,64,-325,-475,462,61,-1221,80,-307,-438,478,-308,-56,253,-296,59,459,-662,-133,264,-636,-143,452,-961,259,268,-944,115,456,-1008,270,267,-993,126,411,-1070,-188,297,-1056,-363,
358,192,-1174,390,233,-1174,408,233,-1173,422,233,-1173,338,233,-1157,324,234,-1157,313,234,-1157,449,225,-951,301,229,-869,392,149,-1076,333,150,-1053,548,83,-676,215,87,-541,659,-120,-891,81,-21,-287,504,7,-1167,54,-277,-354,449,45,-1222,34,-340,-367,452,73,-1141,70,-328,-400,460,62,-1142,87,-309,-371,478,-305,-56,252,-293,59,457,-659,-130,263,-632,-137,448,-954,249,268,-938,110,451,-1000,259,267,-986,120,408,-1064,-184,295,-1049,-355,
358,192,-1176,391,233,-1172,408,233,-1172,422,233,-1172,338,233,-1160,324,234,-1159,314,234,-1159,449,225,-932,301,229,-865,392,149,-1069,333,150,-1050,544,85,-652,216,89,-524,648,-124,-882,82,-20,-274,506,10,-1218,54,-267,-354,454,50,-1257,34,-331,-372,453,80,-1162,68,-320,-416,460,67,-1192,85,-301,-375,469,-302,-56,245,-289,59,446,-653,-73,252,-626,-71,435,-948,349,257,-930,221,438,-993,367,256,-979,236,395,-1056,-67,282,-1039,-243,
359,192,-1180,392,233,-1177,409,233,-1176,423,233,-1176,338,233,-1167,324,234,-1166,313,234,-1166,450,225,-937,300,229,-874,392,148,-1072,333,149,-1057,541,87,-653,216,89,-537,648,-117,-865,85,-23,-291,513,21,-1176,67,-268,-358,466,51,-1242,50,-331,-373,454,84,-1157,83,-320,-423,460,73,-1152,99,-303,-377,469,-295,-54,245,-286,57,446,-648,-65,253,-625,-68,435,-944,350,259,-929,217,438,-990,367,259,-978,233,397,-1054,-60,284,-1037,-243,
359,192,-1220,392,233,-1219,409,233,-1219,424,233,-1218,338,233,-1212,324,234,-1211,313,234,-1211,450,225,-991,299,229,-947,393,147,-1115,333,148,-1104,541,87,-702,216,87,-603,649,-121,-907,85,-24,-361,519,24,-1205,83,-282,-427,473,53,-1270,69,-349,-434,456,85,-1176,103,-335,-464,462,74,-1178,118,-313,-441,469,-296,-54,244,-287,57,447,-650,-73,253,-625,-54,437,-946,342,260,-931,223,439,-993,358,261,-980,238,400,-1056,-70,286,-1040,-224,
359,191,-1338,392,233,-1335,409,233,-1334,424,233,-1334,338,233,-1325,324,234,-1324,313,234,-1324,451,225,-1077,299,229,-1020,393,147,-1221,333,147,-1206,541,87,-756,216,84,-637,646,-126,-969,87,-25,-385,521,31,-1297,96,-289,-474,476,60,-1368,83,-354,-484,457,91,-1279,113,-339,-521,463,78,-1271,127,-317,-491,472,-297,-56,245,-287,59,451,-651,-74,255,-627,-53,442,-948,350,262,-934,255,444,-996,367,263,-984,272,405,-1060,-81,290,-1046,-219,
359,191,-1315,392,233,-1309,409,233,-1308,424,233,-1308,337,233,-1299,323,234,-1298,313,234,-1298,451,225,-1051,298,229,-999,393,147,-1200,333,147,-1186,540,87,-743,213,81,-623,643,-141,-962,89,-41,-381,518,29,-1293,104,-297,-513,471,65,-1368,91,-361,-534,457,93,-1276,118,-346,-579,462,78,-1267,133,-324,-535,472,-297,-58,245,-290,62,454,-651,-128,255,-628,-88,444,-950,290,262,-936,202,447,-998,303,263,-988,215,409,-1061,-155,290,-1046,-283,
359,191,-1301,392,233,-1295,409,233,-1294,424,233,-1294,337,233,-1284,323,234,-1283,312,234,-1283,451,225,-1034,298,229,-978,393,148,-1184,333,147,-1168,540,87,-729,213,81,-613,644,-142,-954,89,-40,-373,518,28,-1280,100,-297,-511,469,68,-1350,86,-361,-517,457,96,-1254,114,-346,-574,461,78,-1251,129,-324,-533,473,-297,-58,247,-291,62,457,-652,-167,259,-629,-160,449,-950,216,264,-936,90,452,-999,226,264,-988,100,413,-1061,-234,293,-1047,-394,
359,191,-1288,392,233,-1281,409,233,-1280,424,233,-1280,337,233,-1271,323,234,-1270,312,234,-1270,450,226,-1025,298,229,-970,393,148,-1173,333,147,-1158,541,87,-725,214,80,-607,644,-142,-968,90,-40,-369,517,28,-1310,98,-297,-485,469,69,-1384,83,-361,-497,457,97,-1290,113,-347,-545,461,79,-1283,128,-326,-505,474,-299,-59,249,-293,63,461,-652,-182,263,-630,-189,453,-952,203,267,-937,69,457,-1001,212,266,-990,79,416,-1063,-260,295,-1048,-423,
356,189,-1068,387,232,-1065,405,233,-1065,419,232,-1065,335,232,-1049,322,232,-1049,311,232,-1049,447,225,-818,298,228,-729,390,147,-958,332,147,-933,540,86,-546,219,87,-429,654,-99,-695,90,-24,-330,574,-89,-1059,52,-249,-549,570,-101,-1137,25,-306,-595,544,-80,-1112,57,-297,-643,535,-80,-1062,75,-281,-577,474,-299,-81,254,-292,84,461,-649,-179,263,-630,80,453,-945,268,268,-927,358,458,-994,284,268,-972,374,412,-1045,-185,295,-1040,-98,
355,189,-1148,386,232,-1144,404,233,-1143,418,233,-1143,332,232,-1131,319,232,-1130,308,232,-1130,447,225,-895,298,228,-824,390,147,-1037,329,147,-1018,554,80,-608,219,81,-563,679,-101,-574,76,-91,-439,666,-296,-698,56,-271,-620,685,-357,-740,34,-331,-665,645,-356,-782,65,-337,-721,632,-334,-721,82,-317,-650,480,-314,-72,260,-306,75,469,-663,-117,264,-651,66,459,-965,354,269,-951,359,465,-1018,375,270,-1000,375,414,-1070,-83,296,-1068,-97,
355,189,-1175,386,232,-1171,404,233,-1170,418,233,-1170,331,232,-1158,318,232,-1158,306,232,-1158,447,225,-921,297,228,-856,390,148,-1064,328,147,-1046,560,75,-629,218,81,-584,693,-107,-553,77,-63,-428,685,-306,-635,54,-272,-591,705,-369,-667,33,-333,-628,664,-370,-710,65,-340,-684,651,-346,-657,80,-320,-619,482,-319,-71,260,-309,75,469,-669,-101,263,-658,94,459,-973,368,267,-958,390,465,-1028,389,268,-1008,407,412,-1079,-68,292,-1077,-64,
354,188,-1159,385,232,-1155,403,232,-1155,417,233,-1155,329,231,-1143,316,232,-1143,303,232,-1143,446,225,-914,296,228,-843,389,147,-1050,327,146,-1031,561,69,-633,218,81,-573,697,-107,-536,80,-55,-413,689,-310,-607,51,-274,-561,711,-372,-633,30,-336,-595,670,-373,-674,61,-341,-649,656,-349,-628,76,-321,-589,482,-324,-71,260,-312,74,468,-673,-103,259,-662,91,457,-979,350,261,-962,370,464,-1034,368,262,-1012,383,405,-1085,-88,284,-1081,-82,
353,187,-1169,384,232,-1165,403,232,-1165,416,232,-1165,328,231,-1153,314,231,-1153,302,231,-1153,445,225,-924,295,228,-850,389,147,-1060,326,146,-1040,562,67,-641,218,81,-570,701,-108,-561,82,-50,-403,693,-311,-638,50,-275,-557,713,-372,-665,29,-337,-589,674,-373,-703,59,-342,-645,660,-350,-657,74,-322,-586,482,-327,-72,260,-315,76,468,-678,-104,258,-667,92,456,-986,342,259,-969,374,463,-1041,360,260,-1019,388,403,-1093,-97,281,-1088,-78,
352,186,-1127,383,231,-1120,402,232,-1120,416,232,-1121,327,229,-1109,314,230,-1109,301,230,-1109,444,225,-867,295,227,-797,388,147,-1014,326,145,-994,561,67,-584,218,81,-526,696,-108,-472,82,-44,-387,684,-300,-572,51,-275,-556,703,-362,-605,31,-336,-596,665,-363,-650,61,-341,-653,651,-339,-595,75,-321,-586,482,-327,-72,264,-316,76,469,-677,-110,261,-667,96,458,-985,338,263,-969,367,466,-1039,355,264,-1019,381,404,-1091,-100,283,-1086,-87,
351,184,-1124,382,230,-1121,401,231,-1121,415,232,-1121,327,228,-1108,313,228,-1108,301,228,-1108,444,225,-881,295,227,-806,388,147,-1015,326,144,-994,561,67,-602,218,81,-529,700,-110,-508,76,-86,-387,692,-300,-574,53,-276,-566,712,-361,-600,33,-337,-603,673,-363,-641,62,-342,-660,659,-340,-594,77,-322,-596,483,-327,-72,264,-315,76,469,-677,-118,261,-667,77,458,-986,310,263,-971,347,466,-1041,327,264,-1020,364,404,-1092,-123,283,-1088,-113,
351,183,-1138,382,229,-1136,401,231,-1135,415,231,-1136,326,227,-1123,313,227,-1123,300,227,-1123,444,225,-894,294,226,-821,388,146,-1029,325,143,-1008,561,67,-612,219,81,-535,702,-110,-531,74,-91,-387,694,-298,-596,53,-276,-560,714,-359,-622,34,-336,-594,675,-361,-663,62,-341,-649,661,-338,-616,77,-321,-589,482,-326,-72,264,-315,75,468,-677,-130,261,-666,70,456,-987,287,262,-971,345,465,-1040,304,264,-1020,354,402,-1092,-144,281,-1088,-124,
353,183,-1138,383,229,-1131,402,231,-1131,415,231,-1131,327,227,-1122,314,227,-1122,301,227,-1122,444,226,-876,295,226,-816,389,146,-1025,326,143,-1007,560,67,-593,217,78,-532,700,-109,-486,75,-117,-356,691,-299,-593,66,-294,-531,712,-362,-631,50,-354,-571,673,-363,-674,77,-356,-636,659,-340,-617,90,-334,-562,483,-328,-72,265,-320,76,472,-678,-118,265,-671,122,463,-989,334,271,-975,408,471,-1043,353,272,-1024,423,412,-1093,-105,292,-1091,-47,
355,182,-1143,385,229,-1138,403,230,-1138,417,231,-1138,330,226,-1128,316,227,-1128,304,227,-1128,446,225,-879,296,226,-817,390,145,-1031,328,143,-1014,561,67,-597,217,78,-528,699,-110,-494,77,-63,-359,687,-305,-608,64,-293,-568,706,-369,-648,47,-353,-615,666,-370,-693,74,-355,-678,653,-346,-632,87,-333,-602,484,-328,-76,266,-319,79,471,-679,-120,265,-673,138,462,-989,335,271,-975,421,471,-1043,355,272,-1023,436,411,-1093,-108,292,-1091,-44,
356,182,-1156,387,228,-1145,404,230,-1145,418,230,-1146,331,226,-1137,317,227,-1137,306,227,-1137,447,225,-884,297,226,-822,390,144,-1035,329,142,-1020,561,66,-601,217,77,-530,698,-110,-500,81,-46,-359,684,-308,-621,63,-293,-579,702,-373,-663,46,-353,-625,662,-373,-708,73,-354,-687,650,-348,-645,86,-333,-611,484,-329,-78,266,-319,81,471,-680,-129,265,-674,128,462,-990,333,270,-975,409,470,-1044,352,272,-1022,424,410,-1093,-118,290,-1092,-59,
358,181,-1143,390,228,-1135,408,229,-1135,422,229,-1135,334,226,-1126,320,227,-1126,309,227,-1126,452,224,-873,299,226,-814,392,143,-1025,330,142,-1009,561,66,-590,218,79,-532,688,-116,-480,82,-32,-389,678,-317,-595,55,-291,-607,699,-383,-638,34,-351,-658,658,-383,-686,65,-353,-721,643,-358,-621,80,-332,-640,483,-329,-74,265,-319,78,469,-680,-129,263,-674,120,460,-990,321,269,-975,383,469,-1044,340,270,-1022,397,408,-1093,-128,289,-1092,-89,
366,180,-1190,396,227,-1181,413,228,-1181,428,228,-1181,341,225,-1174,325,226,-1173,315,227,-1173,459,224,-905,303,226,-854,397,142,-1067,337,141,-1053,562,65,-603,219,79,-558,686,-122,-499,89,-32,-405,676,-317,-620,60,-291,-619,694,-381,-664,40,-351,-669,655,-379,-708,71,-353,-730,640,-354,-645,86,-332,-651,483,-329,-74,266,-319,77,470,-680,-135,263,-673,94,460,-990,314,269,-974,360,468,-1043,332,270,-1022,372,408,-1094,-145,289,-1091,-125,
370,178,-1202,399,226,-1196,416,227,-1196,431,228,-1196,343,224,-1187,327,225,-1187,317,226,-1187,462,224,-924,305,226,-868,399,141,-1081,340,140,-1065,563,64,-621,219,79,-570,684,-125,-508,94,-33,-412,674,-319,-623,67,-291,-617,691,-382,-666,49,-351,-664,652,-380,-711,79,-353,-725,639,-355,-648,93,-332,-648,484,-329,-74,266,-318,77,470,-680,-137,263,-673,92,460,-990,313,269,-974,361,468,-1043,331,269,-1021,375,408,-1094,-147,289,-1091,-123,
374,178,-1294,403,226,-1284,420,227,-1284,435,228,-1284,348,224,-1278,331,226,-1277,321,226,-1277,466,224,-993,307,227,-945,402,140,-1166,343,140,-1153,565,64,-683,219,79,-628,688,-129,-564,94,-33,-482,678,-324,-698,67,-298,-718,697,-389,-752,48,-360,-772,658,-387,-804,79,-360,-840,643,-363,-726,93,-340,-753,488,-331,-75,267,-320,79,472,-686,-120,263,-677,114,460,-996,380,269,-978,437,469,-1049,402,269,-1025,456,408,-1102,-93,289,-1097,-52,
377,177,-1263,407,225,-1252,423,226,-1252,439,226,-1252,351,224,-1241,334,225,-1241,323,226,-1241,470,223,-975,310,227,-914,404,139,-1144,346,138,-1123,567,64,-671,221,80,-612,687,-134,-545,79,-88,-474,673,-326,-672,57,-297,-691,691,-391,-723,36,-357,-742,651,-388,-784,67,-358,-804,639,-364,-703,82,-338,-723,490,-331,-69,268,-320,72,476,-685,-96,265,-677,108,465,-996,384,271,-978,412,473,-1049,405,271,-1025,428,413,-1102,-67,293,-1096,-68,
378,176,-1248,408,224,-1237,425,225,-1237,440,226,-1237,353,223,-1225,336,225,-1224,325,226,-1224,471,223,-970,311,227,-901,405,139,-1133,347,138,-1108,568,64,-668,222,80,-607,686,-137,-541,79,-58,-483,669,-328,-670,48,-294,-702,685,-395,-720,24,-354,-756,644,-392,-779,56,-356,-816,633,-366,-701,73,-337,-734,490,-331,-63,268,-320,66,476,-685,-90,265,-676,90,464,-996,381,271,-978,390,473,-1049,402,271,-1025,407,413,-1103,-66,293,-1096,-91,
379,176,-1238,409,224,-1223,425,225,-1223,440,226,-1223,354,223,-1219,337,225,-1218,326,226,-1218,471,222,-938,312,227,-898,406,138,-1113,348,137,-1101,569,63,-638,222,80,-602,685,-140,-524,68,-94,-477,664,-330,-664,44,-294,-692,678,-398,-715,21,-354,-747,636,-394,-778,54,-357,-806,627,-368,-695,70,-337,-724,490,-332,-56,268,-321,60,476,-687,-87,265,-677,58,464,-998,376,271,-981,346,472,-1050,397,271,-1028,361,413,-1107,-71,292,-1099,-135,
379,175,-1266,409,224,-1253,425,225,-1253,440,225,-1253,354,223,-1248,337,225,-1248,326,226,-1248,471,222,-958,312,227,-919,406,138,-1137,348,137,-1127,569,62,-648,222,80,-616,686,-139,-533,70,-57,-509,670,-327,-690,43,-291,-769,687,-393,-741,19,-351,-831,647,-390,-801,51,-354,-896,635,-365,-721,67,-335,-804,490,-332,-57,268,-321,61,476,-687,-89,265,-677,61,463,-998,372,269,-981,348,471,-1050,392,269,-1028,363,411,-1106,-81,289,-1099,-135,
379,175,-1259,409,224,-1249,425,225,-1249,440,225,-1249,353,223,-1244,337,225,-1244,326,226,-1244,470,221,-954,312,227,-911,406,138,-1135,348,137,-1126,569,62,-647,222,80,-611,687,-139,-534,75,-45,-502,673,-325,-676,42,-289,-740,690,-390,-723,19,-348,-795,652,-387,-784,50,-351,-858,639,-363,-707,67,-332,-774,490,-332,-58,268,-321,61,475,-687,-92,264,-677,63,462,-999,369,269,-981,349,470,-1051,389,269,-1028,364,410,-1106,-83,288,-1099,-133,
379,175,-1246,409,223,-1239,425,225,-1238,440,225,-1239,353,223,-1234,337,225,-1234,325,226,-1234,470,221,-953,312,227,-907,406,138,-1126,347,137,-1118,569,62,-646,222,80,-609,687,-139,-534,78,-35,-503,674,-324,-666,41,-288,-734,692,-388,-710,17,-347,-787,654,-386,-769,49,-350,-850,641,-362,-696,65,-331,-767,490,-331,-58,268,-320,61,475,-687,-92,264,-677,64,462,-999,369,269,-982,350,470,-1052,389,268,-1028,365,410,-1106,-80,288,-1100,-130,
378,175,-1183,409,223,-1175,425,224,-1175,440,225,-1175,353,223,-1168,336,225,-1167,325,226,-1168,470,220,-910,312,227,-858,406,138,-1067,347,137,-1054,569,62,-625,222,80,-588,687,-138,-525,80,-36,-478,672,-326,-649,41,-288,-688,690,-392,-694,17,-347,-740,648,-391,-746,49,-350,-803,635,-366,-676,66,-331,-721,489,-332,-56,267,-320,60,470,-687,-103,256,-676,48,454,-999,327,257,-981,305,461,-1052,344,255,-1028,316,402,-1106,-120,279,-1100,-172,
377,176,-1107,408,223,-1102,424,224,-1102,439,225,-1102,352,223,-1092,336,225,-1091,325,226,-1092,470,220,-852,312,227,-790,406,138,-997,347,137,-979,569,62,-587,223,80,-544,686,-138,-508,82,-32,-437,669,-326,-631,40,-287,-641,688,-392,-677,15,-346,-694,645,-391,-725,48,-349,-755,631,-366,-658,64,-331,-675,489,-332,-55,266,-320,59,468,-687,-101,253,-675,51,451,-999,329,253,-980,309,458,-1051,347,251,-1027,322,399,-1105,-117,276,-1097,-163,
376,176,-1103,407,223,-1099,424,224,-1099,439,225,-1099,351,223,-1089,336,224,-1088,325,226,-1088,469,219,-853,311,227,-793,405,137,-994,346,137,-977,569,62,-579,224,82,-541,686,-137,-473,88,-28,-421,669,-325,-560,42,-284,-618,689,-391,-595,16,-343,-668,647,-390,-644,49,-345,-726,632,-365,-586,66,-327,-650,487,-329,-55,265,-314,59,464,-682,-156,253,-667,-7,448,-995,211,252,-974,185,455,-1046,222,251,-1021,190,396,-1098,-236,273,-1088,-290,
373,176,-1126,405,223,-1121,423,224,-1121,437,225,-1121,348,223,-1111,333,224,-1111,322,226,-1111,468,219,-868,310,227,-804,405,137,-1013,344,137,-995,569,61,-588,224,83,-543,683,-139,-485,79,-84,-404,658,-329,-587,47,-286,-594,675,-395,-628,24,-346,-642,633,-393,-674,58,-349,-699,621,-368,-612,73,-330,-625,488,-329,-56,265,-314,60,464,-683,-138,253,-667,79,448,-995,297,252,-974,342,456,-1046,317,251,-1021,356,396,-1099,-142,275,-1089,-125,
372,176,-1124,405,223,-1119,422,224,-1119,436,225,-1119,346,223,-1108,332,224,-1107,321,226,-1107,467,220,-864,310,227,-795,405,137,-1010,344,137,-991,569,61,-587,225,84,-536,681,-140,-480,82,-62,-396,653,-331,-584,50,-286,-587,669,-397,-627,28,-347,-636,627,-395,-672,62,-349,-693,615,-369,-609,77,-330,-618,488,-329,-56,266,-314,60,465,-683,-125,253,-667,97,449,-994,326,253,-973,368,456,-1046,347,252,-1020,382,396,-1098,-113,276,-1089,-100,
373,175,-1204,405,223,-1196,422,224,-1196,436,225,-1196,346,223,-1190,332,224,-1190,321,226,-1190,466,220,-926,310,227,-882,405,137,-1083,344,137,-1072,569,60,-630,224,84,-610,683,-142,-536,82,-56,-480,654,-331,-658,48,-293,-672,669,-397,-701,26,-355,-721,627,-395,-748,60,-357,-777,616,-370,-684,75,-337,-702,488,-331,-54,265,-318,57,465,-687,-106,252,-671,50,449,-999,348,252,-979,334,456,-1051,368,251,-1026,349,397,-1107,-104,276,-1096,-150,
373,175,-1189,405,223,-1177,422,224,-1177,436,225,-1177,347,223,-1174,332,224,-1173,321,226,-1173,466,220,-901,310,228,-867,405,137,-1067,344,137,-1058,570,59,-610,224,84,-602,682,-149,-526,82,-51,-471,652,-338,-652,48,-298,-668,667,-405,-696,26,-364,-720,624,-402,-741,62,-366,-776,613,-376,-677,77,-345,-699,488,-334,-50,264,-320,54,465,-690,-117,251,-671,-17,448,-1001,295,250,-980,219,455,-1053,310,248,-1029,229,396,-1110,-165,274,-1097,-270,
374,175,-1171,405,223,-1158,422,224,-1158,437,225,-1158,347,223,-1154,333,225,-1154,322,226,-1154,466,220,-883,310,228,-848,405,137,-1049,344,137,-1041,570,58,-595,223,84,-597,682,-151,-514,82,-48,-466,652,-340,-641,48,-301,-666,667,-407,-685,26,-367,-717,624,-404,-730,63,-370,-774,613,-379,-667,77,-348,-696,488,-336,-48,264,-322,52,465,-691,-130,249,-671,-37,447,-1002,265,247,-980,187,454,-1054,279,245,-1030,194,394,-1111,-198,272,-1097,-304,
375,175,-1166,406,223,-1154,423,224,-1154,437,224,-1154,348,223,-1151,333,224,-1150,322,226,-1151,466,220,-879,310,228,-848,406,137,-1045,345,137,-1037,570,58,-593,222,83,-593,679,-152,-512,62,-89,-471,648,-341,-642,40,-301,-675,662,-408,-688,17,-366,-729,620,-404,-736,53,-369,-787,609,-379,-669,69,-348,-707,488,-337,-44,263,-324,48,465,-693,-132,249,-673,-44,448,-1004,267,247,-984,184,454,-1056,281,246,-1034,193,394,-1115,-189,272,-1100,-302,
374,175,-1165,406,223,-1153,422,224,-1153,437,224,-1153,347,223,-1149,333,224,-1149,322,226,-1149,466,219,-879,310,228,-847,406,137,-1044,345,137,-1035,570,58,-594,222,83,-587,678,-151,-497,72,-53,-444,648,-337,-611,40,-297,-648,663,-402,-655,17,-362,-704,621,-398,-702,53,-363,-762,610,-373,-638,69,-343,-680,488,-336,-44,262,-322,48,464,-692,-135,249,-672,-22,448,-1003,269,248,-984,214,454,-1055,283,246,-1034,223,394,-1113,-184,273,-1099,-271,
374,175,-1165,405,223,-1155,422,224,-1155,437,224,-1155,347,223,-1150,332,224,-1150,321,225,-1150,466,219,-886,310,227,-848,406,137,-1046,344,137,-1036,570,58,-597,222,83,-586,678,-149,-493,78,-39,-437,648,-333,-605,41,-295,-640,663,-398,-649,18,-359,-697,621,-393,-696,54,-360,-755,610,-368,-632,70,-339,-673,488,-334,-45,262,-320,48,464,-690,-137,250,-671,-13,448,-1002,268,248,-983,222,454,-1054,282,246,-1034,231,395,-1112,-185,273,-1098,-262,
375,175,-1207,406,223,-1202,423,224,-1202,438,224,-1202,348,222,-1195,333,224,-1195,322,225,-1195,467,219,-938,310,227,-892,406,136,-1089,345,137,-1077,570,58,-645,222,84,-614,681,-148,-539,82,-38,-467,658,-332,-651,43,-299,-664,675,-396,-695,19,-362,-714,635,-392,-740,55,-363,-776,622,-368,-676,71,-342,-696,488,-333,-49,262,-319,52,464,-690,-136,249,-671,13,446,-1002,293,247,-982,282,453,-1054,310,245,-1031,295,393,-1111,-166,271,-1098,-205,
379,174,-1199,410,222,-1192,426,223,-1192,441,223,-1192,352,222,-1186,336,224,-1185,325,225,-1186,470,218,-929,311,227,-886,407,136,-1081,347,136,-1069,570,58,-644,222,84,-614,682,-149,-538,82,-38,-483,659,-335,-647,43,-302,-677,676,-399,-693,19,-366,-729,637,-396,-737,55,-367,-784,624,-371,-672,71,-346,-707,488,-334,-45,261,-319,49,464,-691,-153,249,-673,-71,446,-1004,234,247,-985,139,453,-1056,245,245,-1034,144,393,-1115,-229,271,-1101,-359,
381,173,-1194,412,222,-1188,428,223,-1188,443,223,-1188,355,222,-1181,338,224,-1180,327,225,-1180,472,218,-927,312,227,-881,408,135,-1077,348,135,-1064,570,58,-637,222,84,-611,682,-149,-528,82,-38,-485,661,-335,-639,43,-302,-679,678,-400,-679,19,-366,-731,639,-396,-729,55,-368,-786,626,-372,-667,71,-347,-709,488,-334,-44,261,-319,48,464,-691,-157,249,-673,-74,447,-1005,222,247,-986,131,453,-1057,233,245,-1035,136,393,-1115,-239,271,-1102,-364,
385,173,-1267,415,222,-1258,431,223,-1257,445,223,-1257,358,222,-1255,341,224,-1254,329,225,-1254,473,218,-973,313,227,-945,410,135,-1142,351,135,-1134,569,59,-664,221,82,-657,683,-146,-576,74,-103,-532,670,-332,-749,49,-313,-750,691,-396,-804,27,-379,-810,653,-393,-860,62,-378,-873,638,-370,-780,79,-356,-783,488,-334,-44,261,-320,48,468,-691,-151,254,-674,-56,452,-1005,280,253,-986,168,458,-1057,294,252,-1035,182,401,-1115,-217,279,-1102,-329,
386,172,-1241,417,221,-1232,432,222,-1232,447,222,-1232,360,221,-1229,342,223,-1229,330,225,-1229,474,217,-956,314,227,-928,411,135,-1118,352,135,-1110,569,61,-656,221,82,-651,682,-138,-525,76,-70,-528,669,-325,-656,49,-311,-732,690,-388,-699,27,-376,-788,653,-386,-754,62,-375,-849,638,-364,-687,79,-354,-764,488,-328,-41,262,-317,45,471,-684,-134,265,-670,-51,459,-999,292,270,-982,186,464,-1049,306,268,-1030,197,413,-1108,-186,295,-1096,-309,
387,172,-1230,417,220,-1222,433,221,-1222,447,221,-1222,361,221,-1219,343,223,-1219,331,225,-1219,474,217,-948,314,227,-922,411,134,-1108,353,134,-1100,568,62,-651,221,82,-648,680,-135,-505,79,-55,-525,669,-323,-624,49,-309,-726,690,-385,-666,27,-372,-781,651,-384,-719,62,-372,-842,637,-361,-654,79,-351,-758,489,-324,-40,263,-315,44,472,-680,-124,268,-668,-46,461,-995,303,274,-980,195,466,-1044,319,272,-1027,209,416,-1104,-163,299,-1091,-305,
387,171,-1182,417,219,-1178,433,220,-1178,447,221,-1178,361,220,-1173,343,223,-1172,331,224,-1172,474,216,-924,314,227,-885,411,134,-1068,353,134,-1057,569,62,-637,222,82,-633,686,-136,-506,80,-46,-520,673,-324,-618,48,-309,-707,693,-386,-657,25,-372,-754,654,-385,-706,61,-371,-809,640,-363,-646,77,-351,-736,490,-325,-41,264,-316,44,472,-682,-126,268,-669,-43,461,-996,286,273,-980,198,465,-1046,300,271,-1027,209,416,-1105,-172,298,-1092,-297,
387,170,-1163,417,218,-1161,433,219,-1160,447,220,-1161,361,219,-1157,344,221,-1156,331,223,-1157,474,216,-908,315,226,-875,411,134,-1049,354,133,-1040,569,63,-617,222,82,-628,686,-129,-490,72,-84,-515,674,-316,-607,47,-303,-705,694,-378,-647,24,-364,-752,657,-378,-699,60,-367,-809,642,-356,-636,77,-347,-735,490,-322,-40,265,-313,43,473,-678,-89,269,-667,5,461,-993,340,275,-977,270,466,-1043,358,273,-1023,283,416,-1101,-102,300,-1090,-209,
387,169,-1167,417,217,-1161,433,218,-1161,447,219,-1161,361,218,-1159,344,220,-1158,332,222,-1158,474,216,-913,315,225,-883,411,133,-1051,354,133,-1041,569,64,-617,223,82,-631,686,-126,-493,68,-93,-520,675,-312,-611,48,-302,-710,695,-374,-652,24,-363,-759,659,-374,-701,60,-366,-819,644,-353,-639,77,-346,-741,490,-320,-39,265,-311,42,473,-677,-83,269,-666,9,461,-992,346,274,-976,274,465,-1042,363,273,-1021,287,415,-1099,-98,300,-1089,-206,
387,169,-1169,417,217,-1164,433,218,-1163,447,219,-1164,361,217,-1159,343,219,-1159,331,221,-1159,474,216,-915,315,225,-883,411,133,-1053,354,133,-1044,569,65,-616,224,83,-623,687,-123,-485,80,-44,-516,681,-311,-592,45,-293,-709,703,-373,-628,19,-353,-758,667,-373,-682,54,-357,-820,652,-351,-621,72,-338,-740,490,-318,-41,267,-308,44,473,-674,-90,269,-662,15,461,-989,323,274,-970,265,466,-1038,338,273,-1016,276,415,-1094,-128,299,-1084,-218,
385,168,-1216,415,215,-1216,431,217,-1216,445,218,-1216,357,215,-1207,341,217,-1207,329,220,-1207,473,216,-954,314,225,-905,411,133,-1096,353,132,-1082,569,65,-637,225,85,-626,687,-123,-505,83,-29,-529,676,-311,-602,41,-284,-760,695,-373,-629,13,-343,-814,661,-372,-685,47,-345,-873,646,-350,-630,65,-327,-792,490,-318,-44,267,-306,47,473,-674,-127,269,-661,12,460,-989,263,274,-970,225,466,-1039,275,272,-1015,231,411,-1094,-202,295,-1084,-266,
383,168,-1241,413,215,-1241,429,216,-1241,444,218,-1241,354,215,-1232,339,217,-1232,327,219,-1232,472,216,-976,313,225,-923,411,133,-1119,352,132,-1104,569,65,-653,226,86,-636,687,-123,-516,87,-25,-532,672,-311,-608,42,-282,-759,689,-373,-630,15,-341,-813,655,-372,-686,48,-343,-871,642,-350,-635,66,-325,-791,490,-317,-47,267,-305,50,473,-674,-138,269,-660,8,460,-989,257,273,-969,223,466,-1039,269,272,-1014,230,410,-1094,-210,294,-1084,-269,
383,168,-1278,413,214,-1274,429,216,-1273,444,217,-1274,354,215,-1268,339,217,-1268,327,219,-1268,472,216,-996,313,224,-956,411,133,-1152,351,132,-1141,569,65,-669,226,85,-657,693,-123,-544,77,-78,-532,675,-311,-659,45,-283,-749,692,-374,-694,20,-344,-802,656,-373,-747,53,-345,-861,643,-350,-686,70,-327,-780,490,-320,-49,267,-306,52,471,-678,-145,265,-662,0,456,-991,259,264,-971,221,462,-1043,273,262,-1017,229,403,-1097,-210,285,-1088,-273,
383,168,-1259,412,214,-1256,429,216,-1255,443,217,-1256,354,214,-1251,338,216,-1250,327,218,-1250,471,216,-986,313,223,-949,410,133,-1136,351,132,-1126,569,65,-664,225,85,-661,694,-123,-547,81,-58,-542,680,-311,-668,45,-294,-743,698,-374,-705,20,-357,-796,661,-373,-759,53,-362,-855,648,-350,-696,70,-341,-774,490,-321,-48,268,-308,51,472,-679,-137,266,-664,-1,458,-992,268,267,-973,223,464,-1043,283,266,-1019,231,406,-1098,-186,289,-1090,-260,
383,168,-1251,412,214,-1249,429,215,-1248,443,217,-1249,354,214,-1244,338,216,-1244,327,218,-1244,470,215,-981,313,222,-946,410,133,-1129,351,132,-1119,569,65,-661,225,85,-663,693,-123,-546,70,-89,-547,680,-311,-672,44,-298,-741,699,-374,-710,20,-361,-792,663,-373,-765,52,-366,-853,649,-351,-700,69,-346,-772,490,-321,-46,269,-310,50,473,-679,-129,266,-665,-1,459,-992,276,268,-974,224,464,-1043,292,267,-1020,232,409,-1099,-173,291,-1091,-258,
381,167,-1240,411,213,-1237,428,214,-1236,442,216,-1237,353,213,-1231,338,214,-1230,326,216,-1230,469,214,-967,312,220,-923,410,132,-1118,350,132,-1106,569,64,-646,225,84,-633,693,-126,-527,80,-66,-500,680,-313,-646,50,-298,-703,699,-375,-684,26,-361,-754,662,-375,-735,59,-366,-814,649,-352,-673,75,-345,-735,490,-322,-47,268,-310,51,470,-679,-143,262,-664,-2,454,-992,247,262,-973,211,460,-1043,259,260,-1020,218,402,-1099,-218,284,-1090,-277,
380,167,-1239,409,212,-1235,426,213,-1235,441,215,-1235,351,212,-1227,337,214,-1226,325,215,-1227,468,213,-960,312,219,-910,409,131,-1114,349,131,-1100,569,64,-637,226,85,-624,685,-131,-503,87,-38,-493,666,-319,-622,46,-291,-703,683,-382,-661,20,-352,-755,645,-381,-715,54,-358,-817,633,-356,-650,71,-338,-736,490,-322,-47,268,-309,51,470,-679,-143,263,-664,14,454,-992,251,263,-973,243,461,-1043,262,262,-1020,251,403,-1098,-212,286,-1089,-245,
379,166,-1225,409,211,-1220,426,213,-1220,440,214,-1220,351,212,-1212,337,213,-1212,325,215,-1212,468,212,-941,313,218,-894,409,131,-1100,349,131,-1086,569,64,-620,227,85,-614,681,-134,-484,90,-31,-486,662,-322,-605,45,-288,-699,678,-387,-646,19,-348,-754,640,-386,-700,53,-355,-816,628,-360,-634,70,-335,-733,490,-322,-47,268,-309,51,470,-679,-143,263,-664,17,455,-992,256,266,-973,247,461,-1043,268,264,-1020,256,403,-1098,-205,288,-1089,-241,
379,166,-1189,409,211,-1184,426,212,-1184,440,214,-1184,351,212,-1177,337,213,-1177,326,215,-1177,468,211,-912,313,218,-867,409,131,-1067,349,131,-1054,570,63,-600,227,85,-600,681,-136,-472,75,-79,-486,663,-324,-596,45,-288,-701,681,-388,-639,19,-348,-761,643,-386,-694,53,-355,-823,630,-362,-627,70,-335,-736,490,-324,-46,268,-311,50,470,-680,-137,263,-665,-2,457,-993,270,265,-974,236,463,-1044,284,264,-1021,245,406,-1099,-191,288,-1089,-259,
379,166,-1194,409,211,-1189,426,212,-1189,440,213,-1189,351,211,-1183,337,213,-1183,326,214,-1183,468,210,-927,314,217,-870,409,131,-1070,349,131,-1059,571,63,-630,227,85,-612,681,-138,-505,84,-58,-489,664,-326,-602,47,-291,-688,681,-389,-643,21,-351,-737,644,-388,-696,55,-356,-796,631,-364,-632,72,-337,-720,490,-325,-46,266,-312,50,470,-682,-134,261,-666,-2,456,-994,281,262,-975,239,462,-1045,296,260,-1022,250,405,-1102,-177,286,-1090,-250,
379,166,-1190,409,210,-1188,426,211,-1187,440,212,-1188,352,211,-1180,337,213,-1180,326,214,-1180,468,209,-929,314,217,-876,409,130,-1072,349,131,-1059,572,62,-632,227,85,-613,681,-141,-510,88,-47,-487,664,-329,-603,47,-292,-673,681,-391,-642,22,-353,-720,644,-390,-690,56,-357,-778,631,-366,-631,73,-338,-704,490,-327,-46,265,-313,50,469,-685,-133,258,-667,-1,455,-996,283,260,-976,242,462,-1047,298,257,-1024,253,405,-1105,-173,285,-1091,-244,
379,166,-1243,409,210,-1241,426,211,-1240,440,212,-1241,352,211,-1234,337,213,-1233,326,214,-1233,468,208,-972,314,217,-924,409,130,-1121,349,130,-1108,572,62,-654,227,85,-638,680,-143,-525,88,-44,-504,661,-329,-630,46,-295,-700,678,-392,-668,20,-358,-750,641,-390,-717,54,-361,-809,628,-367,-657,72,-341,-732,490,-328,-46,265,-313,50,469,-685,-137,258,-667,-22,455,-997,273,259,-976,220,462,-1048,287,256,-1024,229,404,-1106,-195,284,-1092,-279,
379,166,-1204,409,210,-1200,426,211,-1200,440,212,-1200,352,211,-1194,337,213,-1193,326,214,-1193,468,208,-939,314,217,-893,409,130,-1086,349,130,-1073,572,62,-638,227,85,-619,683,-143,-524,88,-36,-496,662,-329,-630,43,-295,-685,679,-392,-668,17,-357,-732,641,-390,-717,52,-361,-789,628,-367,-657,69,-341,-715,490,-330,-46,265,-315,50,469,-688,-138,258,-669,-20,455,-1001,260,258,-980,210,462,-1052,273,256,-1028,218,403,-1110,-200,283,-1096,-278,
379,166,-1192,409,210,-1188,426,211,-1188,440,212,-1188,352,211,-1181,337,213,-1181,326,214,-1181,468,208,-927,314,217,-882,409,130,-1074,349,130,-1062,572,62,-631,227,85,-611,683,-144,-524,88,-33,-493,662,-330,-631,42,-295,-681,680,-392,-668,16,-358,-727,642,-391,-717,51,-361,-783,629,-367,-657,68,-342,-711,490,-332,-46,265,-317,50,469,-690,-139,258,-671,-19,455,-1004,256,258,-983,209,461,-1055,269,256,-1031,217,403,-1113,-201,283,-1100,-276,
379,166,-1253,409,210,-1253,426,211,-1252,440,212,-1253,352,211,-1248,337,212,-1248,326,213,-1248,468,208,-988,314,216,-951,409,129,-1133,349,130,-1123,571,62,-667,227,85,-669,683,-139,-536,88,-33,-545,663,-326,-642,40,-295,-725,680,-389,-676,14,-358,-768,642,-388,-727,48,-362,-829,629,-365,-668,65,-342,-755,489,-329,-45,265,-315,49,469,-688,-105,258,-671,26,454,-1002,332,260,-982,296,460,-1053,350,258,-1030,309,403,-1110,-116,286,-1099,-184,
379,166,-1280,409,210,-1280,426,210,-1280,440,211,-1280,352,211,-1275,337,212,-1275,326,213,-1275,468,208,-1014,314,216,-977,409,129,-1159,349,130,-1148,571,62,-688,227,85,-691,683,-136,-552,88,-34,-564,663,-324,-658,40,-297,-743,680,-388,-693,13,-359,-785,642,-387,-744,47,-364,-848,629,-364,-684,65,-344,-773,489,-327,-45,265,-314,49,469,-687,-95,259,-671,48,453,-1001,352,262,-982,325,459,-1052,371,260,-1029,340,403,-1110,-95,287,-1099,-154,
379,166,-1271,409,210,-1272,426,210,-1272,440,211,-1272,352,211,-1267,337,212,-1267,326,213,-1267,468,208,-1011,314,216,-975,409,129,-1150,349,130,-1140,570,62,-679,227,85,-680,686,-136,-551,88,-32,-537,663,-324,-656,33,-295,-726,680,-387,-691,4,-357,-772,643,-385,-740,39,-362,-836,629,-362,-684,57,-342,-759,489,-327,-45,263,-314,48,467,-687,-101,256,-670,20,451,-1001,316,255,-981,270,456,-1052,330,252,-1029,280,400,-1109,-148,281,-1098,-223,
379,166,-1259,409,210,-1259,426,210,-1259,440,211,-1259,351,211,-1253,337,212,-1253,326,213,-1253,468,208,-996,314,216,-958,409,129,-1139,349,130,-1128,570,63,-672,227,86,-673,688,-137,-548,88,-30,-533,663,-323,-655,30,-295,-726,681,-386,-691,0,-357,-771,643,-384,-738,35,-360,-835,630,-362,-681,54,-341,-758,489,-327,-45,262,-314,48,466,-688,-103,254,-670,15,449,-1001,310,251,-981,266,454,-1052,323,248,-1029,275,398,-1109,-159,277,-1098,-232,
379,165,-1254,409,209,-1252,426,210,-1252,440,211,-1252,351,210,-1247,337,212,-1246,326,213,-1246,468,207,-992,313,216,-950,409,129,-1134,349,130,-1122,571,62,-674,227,85,-667,689,-142,-564,88,-31,-536,665,-325,-665,33,-298,-724,682,-387,-699,6,-360,-769,645,-385,-744,40,-364,-828,632,-362,-690,58,-344,-758,489,-328,-45,263,-314,48,466,-688,-133,254,-671,-26,449,-1002,253,252,-983,190,454,-1053,265,249,-1031,197,398,-1112,-208,278,-1100,-299,
379,165,-1313,409,209,-1308,426,210,-1308,440,211,-1308,351,210,-1303,337,212,-1303,326,213,-1303,468,207,-1027,313,216,-990,409,129,-1185,349,130,-1176,571,61,-697,225,85,-688,682,-146,-577,87,-32,-543,657,-331,-703,38,-303,-735,673,-396,-745,14,-368,-785,635,-393,-796,49,-371,-844,623,-369,-730,65,-350,-767,489,-330,-45,262,-316,48,467,-692,-147,255,-674,-31,451,-1006,260,254,-987,203,456,-1059,273,252,-1037,212,399,-1118,-206,280,-1105,-291,
379,165,-1318,409,209,-1313,426,210,-1313,440,211,-1313,351,210,-1308,337,212,-1308,325,213,-1308,468,207,-1032,313,216,-995,409,129,-1191,349,130,-1181,572,61,-703,224,84,-692,680,-149,-583,85,-32,-546,655,-336,-710,40,-307,-739,672,-402,-752,17,-373,-790,633,-399,-803,52,-376,-848,621,-373,-737,68,-354,-770,489,-333,-45,262,-319,48,468,-695,-150,255,-677,-34,452,-1010,263,255,-990,209,457,-1063,277,254,-1041,218,400,-1122,-203,282,-1109,-289,
379,166,-1232,409,210,-1227,426,211,-1226,440,212,-1227,351,211,-1222,337,212,-1222,325,214,-1222,469,208,-957,313,217,-920,409,129,-1110,349,130,-1100,571,62,-656,224,85,-646,680,-147,-563,85,-30,-526,656,-335,-679,38,-305,-712,672,-401,-718,14,-370,-759,634,-398,-763,49,-374,-815,622,-373,-704,65,-353,-742,489,-333,-46,262,-319,49,468,-696,-132,255,-677,7,452,-1009,288,256,-989,254,458,-1063,304,254,-1040,265,400,-1121,-166,282,-1108,-224,
378,166,-1235,408,211,-1231,426,212,-1231,440,212,-1231,350,212,-1226,336,213,-1226,325,215,-1226,469,208,-958,313,218,-924,409,129,-1114,349,130,-1104,571,62,-665,225,86,-646,681,-147,-577,85,-29,-525,656,-335,-688,38,-300,-711,672,-400,-727,15,-365,-757,633,-398,-771,50,-367,-812,622,-373,-712,66,-347,-740,488,-333,-49,262,-319,52,465,-695,-149,253,-677,-4,446,-1010,256,250,-989,224,452,-1063,270,248,-1040,233,392,-1121,-203,271,-1108,-259,
378,166,-1238,408,211,-1233,426,212,-1233,440,213,-1233,350,212,-1228,336,214,-1228,325,215,-1228,469,209,-961,313,218,-926,409,129,-1116,349,130,-1106,571,62,-667,225,86,-646,682,-148,-580,85,-29,-524,656,-335,-694,39,-298,-709,671,-400,-733,16,-363,-755,633,-397,-777,50,-365,-810,621,-372,-718,66,-345,-738,488,-333,-50,261,-318,54,464,-695,-157,251,-677,-16,443,-1010,244,246,-989,207,449,-1062,258,244,-1039,215,388,-1121,-218,267,-1108,-281,
379,169,-1284,409,215,-1275,426,216,-1274,440,216,-1275,351,216,-1272,336,218,-1271,325,220,-1271,469,210,-990,313,220,-962,409,130,-1159,349,132,-1151,571,62,-680,224,85,-681,684,-147,-580,84,-30,-553,662,-335,-710,41,-303,-752,678,-400,-756,20,-368,-804,640,-397,-804,55,-369,-862,628,-372,-737,70,-348,-782,488,-333,-50,261,-319,54,464,-696,-121,251,-680,21,443,-1011,351,246,-992,321,449,-1064,371,245,-1042,338,389,-1122,-113,268,-1111,-174,
379,171,-1292,409,217,-1283,426,218,-1282,440,218,-1283,352,219,-1280,337,220,-1279,326,222,-1279,468,211,-998,313,222,-969,409,131,-1168,349,133,-1160,571,62,-684,224,85,-688,687,-146,-579,84,-31,-559,667,-335,-714,42,-305,-760,683,-399,-760,22,-371,-812,644,-397,-809,57,-371,-872,632,-372,-741,72,-350,-791,488,-334,-50,261,-320,54,464,-697,-111,251,-682,31,443,-1012,364,247,-993,334,449,-1064,384,245,-1043,351,389,-1123,-100,268,-1113,-161,
379,173,-1172,410,220,-1160,426,221,-1160,440,221,-1160,352,222,-1158,337,223,-1157,326,225,-1158,468,213,-892,313,223,-865,409,133,-1055,349,134,-1048,570,62,-601,223,85,-619,694,-145,-534,84,-33,-512,677,-331,-680,42,-305,-707,695,-395,-723,22,-370,-760,654,-394,-767,57,-371,-816,641,-370,-705,72,-350,-737,487,-334,-49,261,-320,53,462,-697,-130,249,-680,-27,441,-1011,271,243,-992,205,447,-1063,284,242,-1040,213,388,-1120,-190,266,-1109,-283,
381,175,-1169,411,222,-1158,427,223,-1158,441,222,-1158,353,223,-1155,338,225,-1155,326,226,-1155,468,214,-885,313,223,-859,410,134,-1050,349,135,-1043,566,65,-581,224,85,-603,696,-122,-479,84,-29,-504,694,-306,-621,34,-293,-706,717,-367,-659,10,-355,-758,680,-368,-713,45,-358,-816,665,-347,-650,61,-338,-737,487,-330,-48,261,-318,52,463,-691,-109,253,-679,37,444,-1005,321,251,-988,300,449,-1057,337,249,-1035,311,396,-1110,-133,274,-1104,-178,
382,177,-1108,412,224,-1094,428,224,-1094,441,224,-1094,354,225,-1093,338,227,-1092,327,228,-1092,468,215,-826,313,224,-803,410,135,-993,350,137,-987,564,65,-543,224,85,-566,697,-119,-452,84,-31,-459,691,-305,-590,41,-295,-652,713,-367,-631,18,-357,-704,675,-368,-677,53,-359,-761,660,-346,-617,69,-339,-682,487,-330,-47,262,-318,51,463,-689,-110,253,-677,29,444,-1003,307,251,-985,297,449,-1054,322,249,-1032,305,396,-1106,-141,275,-1100,-190,
382,180,-1152,412,226,-1140,428,226,-1140,441,226,-1140,355,227,-1138,339,228,-1137,328,229,-1137,468,217,-866,313,225,-840,411,137,-1033,350,138,-1026,564,67,-567,224,85,-588,698,-118,-476,84,-31,-475,691,-306,-598,45,-298,-662,713,-369,-648,22,-361,-730,673,-369,-705,59,-362,-788,659,-347,-620,74,-341,-693,486,-330,-46,262,-318,49,463,-688,-113,253,-676,-1,444,-1002,307,251,-985,258,449,-1054,321,249,-1031,268,397,-1106,-148,275,-1099,-237,
383,183,-1138,412,227,-1121,428,227,-1121,441,227,-1121,356,229,-1122,339,230,-1121,328,231,-1122,468,219,-830,313,226,-820,411,140,-1014,351,141,-1011,561,69,-522,224,85,-574,689,-110,-422,83,-29,-482,687,-300,-603,42,-289,-689,712,-364,-656,20,-350,-766,672,-365,-712,57,-351,-828,656,-343,-633,72,-332,-724,485,-328,-40,262,-317,43,464,-683,-113,258,-670,-34,448,-996,287,257,-980,201,453,-1047,300,254,-1028,209,403,-1099,-174,281,-1090,-297,
384,185,-1136,412,228,-1119,428,228,-1119,441,228,-1119,356,230,-1120,340,231,-1120,329,231,-1120,467,220,-827,313,226,-818,411,142,-1011,352,142,-1008,560,72,-516,224,86,-573,686,-104,-410,82,-27,-487,687,-296,-596,40,-283,-708,710,-360,-648,18,-344,-783,670,-361,-706,55,-345,-847,655,-340,-629,70,-326,-744,485,-325,-36,262,-315,40,464,-678,-114,262,-666,-38,451,-992,283,262,-977,195,455,-1043,295,259,-1025,203,407,-1095,-180,286,-1086,-302,
384,185,-1112,412,229,-1095,428,229,-1095,441,228,-1095,357,230,-1088,340,231,-1087,329,232,-1088,467,220,-790,313,226,-738,411,142,-981,352,143,-967,554,76,-486,227,90,-447,680,-84,-406,82,-20,-451,690,-240,-600,2,-226,-829,715,-292,-663,-29,-277,-912,688,-288,-720,1,-267,-985,668,-275,-630,20,-255,-872,479,-325,-66,261,-314,70,463,-674,-117,261,-664,179,451,-984,288,262,-967,515,457,-1033,301,259,-1011,537,407,-1081,-179,286,-1077,46,
384,186,-1123,413,229,-1107,428,229,-1107,441,228,-1107,358,230,-1099,341,232,-1098,329,232,-1098,466,220,-800,313,227,-745,411,143,-993,352,143,-978,551,78,-497,228,91,-443,677,-78,-413,82,-18,-448,691,-233,-606,-5,-216,-845,717,-283,-669,-36,-266,-926,693,-280,-726,-5,-255,-998,672,-266,-634,13,-244,-887,477,-325,-81,261,-313,84,461,-672,-139,261,-663,201,451,-982,277,262,-966,524,457,-1031,290,258,-1008,545,407,-1077,-194,286,-1076,56,
383,188,-1134,412,229,-1119,427,229,-1119,441,228,-1119,357,231,-1112,340,232,-1111,328,233,-1112,466,220,-821,312,228,-772,410,143,-1006,352,145,-993,549,79,-546,229,94,-438,658,-90,-913,87,-18,-372,492,1,-1377,21,-226,-732,437,28,-1486,-6,-283,-805,436,47,-1403,27,-271,-848,446,39,-1360,45,-256,-762,476,-325,-76,256,-313,80,459,-673,-100,258,-660,-22,451,-983,316,258,-966,267,457,-1032,331,255,-1010,284,406,-1079,-147,284,-1076,-228,
382,188,-1189,412,229,-1181,427,229,-1181,441,228,-1181,357,232,-1165,340,233,-1164,328,233,-1164,466,219,-911,312,228,-827,410,143,-1070,351,145,-1048,547,80,-651,229,95,-476,612,-118,-964,87,-19,-335,468,-12,-1396,20,-235,-553,430,50,-1494,-9,-293,-599,433,71,-1427,22,-285,-653,438,58,-1384,42,-269,-584,475,-322,-75,254,-308,78,454,-673,-116,257,-657,-75,446,-983,281,258,-966,180,453,-1031,293,255,-1011,191,400,-1081,-181,284,-1077,-311,
383,188,-1338,413,230,-1331,429,230,-1331,443,229,-1331,358,232,-1321,340,233,-1320,328,234,-1320,468,219,-1049,311,228,-990,412,142,-1211,352,144,-1195,546,84,-736,228,94,-604,629,-113,-1003,87,-20,-418,500,23,-1424,26,-240,-633,468,53,-1523,-1,-301,-686,463,77,-1450,29,-286,-742,463,64,-1409,49,-270,-665,478,-310,-73,255,-300,76,459,-669,-53,268,-651,-40,454,-976,429,278,-962,307,459,-1024,450,278,-1009,331,413,-1081,-19,306,-1076,-180,
386,188,-1318,415,231,-1309,430,230,-1308,444,229,-1308,360,233,-1299,342,234,-1299,330,234,-1299,470,219,-1027,312,228,-974,413,141,-1193,354,144,-1178,545,85,-717,227,93,-598,626,-119,-967,87,-21,-411,499,19,-1389,36,-249,-577,469,54,-1482,12,-312,-616,467,77,-1413,42,-294,-665,466,63,-1375,61,-276,-604,478,-307,-70,254,-296,74,459,-667,-70,268,-646,-98,454,-974,379,276,-959,210,458,-1022,397,275,-1007,227,413,-1082,-76,305,-1073,-294,
390,188,-1281,418,231,-1269,433,230,-1269,447,229,-1269,364,233,-1262,345,234,-1261,331,234,-1262,473,218,-983,312,228,-938,415,141,-1154,356,144,-1142,542,86,-680,225,92,-589,629,-117,-906,90,-21,-391,502,23,-1346,45,-255,-557,479,54,-1442,23,-320,-597,468,78,-1375,54,-302,-646,466,63,-1334,71,-282,-582,478,-302,-66,254,-292,70,459,-662,-80,269,-640,-101,454,-968,363,278,-952,204,458,-1015,379,277,-1000,220,415,-1077,-95,308,-1066,-298,
392,188,-1366,421,231,-1359,436,230,-1359,450,229,-1359,366,234,-1352,347,235,-1352,332,235,-1352,477,218,-1093,312,228,-1056,417,140,-1246,358,143,-1235,543,87,-795,220,87,-668,623,-125,-1029,90,-30,-505,503,27,-1372,81,-289,-714,467,59,-1458,65,-359,-752,465,84,-1375,102,-340,-781,467,70,-1351,118,-317,-732,479,-303,-66,251,-293,69,460,-663,-30,269,-641,-79,455,-967,456,278,-953,316,458,-1014,477,278,-1001,339,421,-1078,39,309,-1067,-147,
393,189,-1402,423,233,-1392,438,232,-1391,453,230,-1391,367,235,-1384,348,235,-1384,333,235,-1384,481,219,-1111,313,228,-1075,420,140,-1278,360,143,-1268,544,87,-795,221,87,-673,628,-140,-1060,90,-32,-541,515,27,-1437,86,-288,-817,482,66,-1525,69,-354,-862,472,92,-1433,108,-335,-893,474,78,-1412,124,-311,-838,481,-304,-65,250,-295,69,461,-665,-72,269,-643,-122,455,-968,339,277,-954,164,457,-1015,350,278,-1006,173,420,-1081,-72,305,-1067,-323,
394,189,-1379,424,233,-1370,439,232,-1370,454,231,-1369,368,235,-1361,348,235,-1360,334,235,-1360,484,219,-1100,313,228,-1056,421,139,-1259,362,143,-1247,546,86,-795,221,86,-661,630,-154,-1051,91,-37,-520,519,22,-1397,98,-290,-772,486,65,-1479,82,-358,-814,475,91,-1384,122,-338,-851,477,77,-1370,137,-314,-793,483,-305,-65,249,-297,68,462,-669,-116,269,-648,-114,455,-969,281,276,-957,155,457,-1016,292,277,-1012,164,420,-1085,-146,303,-1069,-331,
396,189,-1358,425,234,-1348,441,233,-1348,456,232,-1347,369,235,-1341,350,236,-1341,335,235,-1341,484,219,-1078,314,228,-1044,423,139,-1239,364,143,-1229,547,86,-774,220,83,-656,617,-165,-1023,74,-126,-479,515,29,-1372,101,-332,-597,484,72,-1452,86,-403,-613,477,96,-1358,124,-384,-646,480,80,-1347,139,-359,-614,482,-309,-65,243,-303,68,461,-675,-136,269,-659,-105,455,-975,266,275,-964,177,456,-1023,278,277,-1019,188,420,-1091,-167,303,-1073,-306,
397,189,-1349,427,234,-1336,443,233,-1335,458,232,-1334,371,235,-1335,351,236,-1334,336,235,-1334,485,219,-1062,315,228,-1018,424,139,-1232,365,143,-1214,548,81,-753,219,81,-644,618,-172,-996,66,-134,-502,520,23,-1333,97,-328,-692,490,67,-1408,82,-398,-705,483,89,-1325,120,-378,-700,485,74,-1308,135,-354,-703,481,-317,-63,238,-310,67,459,-683,-131,264,-665,-131,453,-983,277,271,-970,149,452,-1032,289,272,-1026,160,420,-1101,-156,300,-1080,-329,
398,189,-1329,428,234,-1315,444,233,-1314,459,232,-1313,371,235,-1319,351,236,-1319,336,235,-1318,485,219,-1045,315,228,-1008,425,138,-1213,365,143,-1210,548,81,-741,219,78,-640,620,-166,-985,65,-130,-522,520,27,-1347,98,-327,-738,494,65,-1425,83,-397,-762,486,90,-1332,122,-380,-770,488,76,-1322,138,-356,-752,480,-317,-58,238,-310,61,459,-682,-108,263,-665,-112,453,-982,290,271,-969,170,452,-1032,299,272,-1023,182,420,-1100,-123,300,-1077,-310,
400,189,-1360,430,234,-1342,445,234,-1341,461,232,-1341,372,236,-1346,352,236,-1346,336,235,-1345,486,219,-1045,315,228,-1046,427,137,-1229,368,142,-1232,547,80,-729,218,77,-670,620,-156,-982,81,-78,-538,522,36,-1410,101,-321,-743,497,74,-1503,84,-390,-777,488,98,-1418,124,-375,-802,489,81,-1391,140,-351,-761,479,-316,-47,238,-310,51,459,-681,-62,264,-664,-104,453,-980,368,274,-967,192,452,-1028,382,275,-1020,207,423,-1096,-47,303,-1074,-280,
400,190,-1123,429,235,-1108,445,234,-1107,460,233,-1107,372,236,-1109,352,236,-1108,336,236,-1108,486,220,-852,315,228,-852,427,137,-1012,368,143,-1013,547,80,-580,218,77,-543,631,-155,-838,76,-107,-399,529,40,-1211,98,-319,-551,499,78,-1298,81,-389,-579,488,102,-1195,120,-374,-617,490,84,-1185,135,-350,-573,477,-317,-46,238,-312,49,456,-681,-65,260,-666,-43,446,-980,355,265,-967,280,444,-1028,369,266,-1020,296,418,-1096,-63,294,-1075,-181,
400,190,-1085,430,235,-1065,445,235,-1064,460,233,-1064,372,236,-1067,353,236,-1067,337,236,-1066,485,220,-788,315,228,-796,427,138,-968,368,143,-970,546,79,-513,218,76,-479,634,-153,-783,77,-80,-320,535,42,-1206,97,-319,-465,501,80,-1301,79,-389,-491,489,105,-1203,119,-375,-536,491,87,-1184,133,-351,-488,475,-320,-45,238,-316,49,453,-682,-65,257,-668,-31,442,-981,366,260,-969,315,440,-1030,381,260,-1022,334,415,-1096,-56,289,-1075,-161,
400,192,-1058,429,236,-1039,445,235,-1038,460,234,-1038,372,237,-1040,353,237,-1039,337,236,-1039,485,221,-776,315,228,-775,427,139,-946,368,144,-947,546,77,-520,216,75,-464,634,-157,-790,64,-121,-263,535,40,-1183,93,-334,-349,502,80,-1273,78,-406,-364,487,104,-1169,116,-392,-408,490,86,-1158,130,-368,-371,472,-325,-47,236,-321,51,452,-684,-68,255,-671,-5,441,-984,381,259,-971,374,439,-1032,399,259,-1024,398,415,-1097,-34,288,-1076,-89,
400,193,-1031,429,236,-1014,445,235,-1014,460,234,-1013,372,237,-1015,353,237,-1014,337,237,-1014,485,221,-760,315,229,-756,427,140,-923,367,145,-923,546,77,-518,215,74,-441,634,-160,-789,67,-85,-230,535,40,-1165,86,-335,-300,499,80,-1250,73,-407,-308,485,104,-1141,108,-393,-350,489,86,-1137,122,-369,-321,471,-326,-51,235,-323,55,451,-685,-85,255,-672,3,441,-985,365,259,-973,372,439,-1034,385,258,-1026,396,414,-1098,-39,287,-1077,-86,
400,193,-1106,429,236,-1090,445,235,-1090,460,234,-1089,372,237,-1089,353,237,-1089,337,237,-1089,485,221,-825,315,229,-816,427,141,-992,367,145,-990,546,77,-558,215,75,-486,634,-157,-815,67,-97,-323,535,37,-1169,86,-318,-570,499,76,-1262,73,-389,-607,485,101,-1147,107,-375,-645,489,84,-1146,121,-351,-594,471,-319,-50,235,-314,54,451,-675,-62,254,-662,-28,441,-972,380,259,-960,297,439,-1020,397,258,-1011,313,414,-1084,-29,288,-1064,-171,
400,194,-1070,429,237,-1053,445,236,-1053,460,235,-1052,373,237,-1054,353,237,-1054,337,237,-1054,483,222,-803,315,229,-805,427,142,-962,367,146,-964,543,77,-549,215,74,-499,633,-160,-808,62,-119,-349,535,33,-1169,90,-320,-575,500,75,-1252,78,-391,-607,486,98,-1147,114,-376,-642,489,81,-1143,128,-352,-597,471,-319,-49,235,-316,53,451,-675,-80,254,-664,-60,442,-973,329,259,-961,236,441,-1020,342,258,-1013,251,416,-1084,-68,288,-1065,-218,
400,194,-1104,429,237,-1087,445,236,-1087,460,235,-1086,373,238,-1088,353,237,-1087,337,237,-1087,481,222,-828,315,229,-825,426,142,-992,367,147,-992,542,77,-564,215,74,-507,633,-162,-817,61,-124,-347,535,31,-1202,90,-320,-496,500,74,-1291,78,-390,-518,486,95,-1179,114,-375,-557,489,79,-1175,128,-352,-517,471,-320,-49,235,-317,53,452,-676,-95,255,-665,-80,445,-974,321,261,-964,225,444,-1022,334,260,-1017,240,419,-1086,-88,290,-1066,-241,
398,194,-1256,428,237,-1240,444,236,-1240,458,236,-1239,372,238,-1240,353,237,-1240,337,237,-1239,478,223,-947,314,229,-943,425,143,-1130,366,147,-1130,540,79,-636,215,76,-583,632,-146,-902,72,-55,-429,534,34,-1340,72,-293,-618,497,75,-1441,51,-359,-654,482,98,-1352,87,-347,-702,486,82,-1320,104,-326,-644,471,-315,-48,236,-312,52,453,-671,-35,257,-661,-43,447,-967,440,266,-958,311,446,-1015,460,266,-1010,332,420,-1078,30,297,-1062,-156,
398,196,-1205,428,238,-1186,443,237,-1185,457,236,-1185,372,238,-1190,353,238,-1190,337,238,-1190,476,224,-897,314,229,-913,424,145,-1082,366,149,-1088,538,82,-605,216,76,-575,632,-135,-872,79,-47,-431,534,36,-1303,72,-296,-643,496,74,-1412,52,-363,-682,479,98,-1331,88,-350,-726,483,83,-1285,105,-328,-668,472,-312,-46,240,-312,50,457,-666,-37,263,-658,-51,453,-963,409,275,-956,276,453,-1011,426,275,-1007,293,427,-1074,0,305,-1059,-181,
397,197,-1195,427,239,-1177,442,238,-1176,456,237,-1176,372,239,-1179,352,238,-1179,336,238,-1179,475,224,-895,314,230,-903,423,146,-1074,365,150,-1077,537,82,-607,216,77,-568,630,-137,-880,82,-45,-426,534,36,-1294,73,-298,-618,495,73,-1391,53,-365,-652,478,98,-1301,89,-351,-694,482,82,-1274,106,-330,-641,472,-313,-46,240,-312,50,457,-667,-45,263,-659,-54,453,-965,397,275,-956,273,453,-1012,413,276,-1007,290,426,-1075,-12,306,-1059,-181,
396,198,-1219,427,239,-1201,441,238,-1201,455,237,-1200,371,239,-1202,352,239,-1201,336,239,-1201,474,224,-919,314,230,-918,422,147,-1099,365,150,-1099,537,82,-637,216,77,-569,632,-138,-922,78,-95,-424,536,35,-1349,83,-298,-611,498,72,-1446,67,-366,-649,478,97,-1347,101,-353,-688,482,82,-1325,116,-331,-635,472,-313,-53,240,-313,57,458,-668,-77,263,-660,-18,453,-965,374,275,-958,344,453,-1013,390,275,-1011,365,426,-1076,-52,305,-1061,-120,
395,198,-1226,425,239,-1207,440,238,-1206,454,237,-1206,370,239,-1207,351,239,-1206,335,239,-1206,474,224,-915,312,230,-911,422,147,-1102,364,150,-1101,537,82,-631,216,77,-567,633,-135,-919,83,-54,-421,536,35,-1375,84,-295,-636,498,72,-1479,68,-363,-678,478,97,-1387,102,-350,-722,482,81,-1355,117,-328,-661,472,-313,-53,240,-313,57,458,-668,-63,263,-660,-24,453,-966,403,274,-958,323,453,-1014,421,275,-1010,343,426,-1077,-26,305,-1061,-139,
395,198,-1241,425,239,-1220,440,238,-1220,453,237,-1219,369,239,-1220,350,239,-1220,335,239,-1220,474,223,-919,312,230,-915,421,147,-1112,363,150,-1112,537,82,-628,217,77,-564,634,-133,-923,85,-43,-425,536,34,-1394,85,-292,-654,498,72,-1501,69,-360,-697,478,96,-1411,103,-346,-742,482,81,-1375,119,-325,-679,472,-314,-53,240,-313,57,458,-668,-54,263,-659,-28,453,-966,418,274,-957,317,453,-1014,436,274,-1010,337,426,-1077,-13,305,-1061,-151,
395,198,-1150,425,239,-1132,439,238,-1131,453,237,-1131,369,239,-1129,350,239,-1128,334,239,-1128,474,223,-855,311,231,-840,421,147,-1033,363,150,-1028,536,82,-586,217,77,-505,618,-136,-879,87,-42,-359,520,34,-1340,81,-293,-558,489,72,-1443,61,-361,-598,476,96,-1367,95,-347,-646,479,81,-1325,112,-326,-585,470,-314,-52,240,-311,56,455,-667,-75,262,-653,-96,450,-964,347,270,-953,195,450,-1012,360,270,-1005,207,422,-1074,-71,300,-1056,-276,
394,198,-1225,424,239,-1207,439,238,-1207,453,237,-1206,369,239,-1206,350,239,-1205,334,239,-1205,474,223,-928,311,231,-918,421,147,-1106,363,150,-1103,536,82,-644,216,76,-575,619,-137,-930,86,-42,-454,522,34,-1352,83,-294,-687,489,71,-1450,63,-362,-732,477,96,-1361,98,-348,-771,479,81,-1333,115,-326,-712,470,-314,-52,239,-311,56,454,-667,-74,260,-653,-85,448,-964,347,268,-953,225,447,-1012,361,268,-1006,241,419,-1074,-70,297,-1056,-246,
